<?xml version="1.0" encoding="utf-8"?>
<COLLADA xmlns="http://www.collada.org/2005/11/COLLADASchema" version="1.4.1">
  <asset>
    <contributor>
      <author>Mixamo</author>
      <authoring_tool>COLLADA Mixamo exporter</authoring_tool>
      <comments/>
    </contributor>
    <created>2022-12-13T13:22:46Z</created>
    <modified>2022-12-13T13:22:46Z</modified>
    <revision/>
    <title/>
    <unit meter="0.010000"/>
    <up_axis>Y_UP</up_axis>
  </asset>
  <library_animations>
    <animation id="mixamorig_Hips-anim" name="mixamorig_Hips">
      <source id="mixamorig_Hips-Matrix-animation-input">
        <float_array id="mixamorig_Hips-Matrix-animation-input-array" count="72">

0.000000 0.033333 0.066667 0.100000 0.133333 0.166667 0.200000 0.233333 0.266667 0.300000 0.333333 0.366667 0.400000 0.433333 0.466667 0.500000
0.533333 0.566667 0.600000 0.633333 0.666667 0.700000 0.733333 0.766667 0.800000 0.833333 0.866667 0.900000 0.933333 0.966667 1.000000 1.033333
1.066667 1.100000 1.133333 1.166667 1.200000 1.233333 1.266667 1.300000 1.333333 1.366667 1.400000 1.433333 1.466667 1.500000 1.533333 1.566667
1.600000 1.633333 1.666667 1.700000 1.733333 1.766667 1.800000 1.833333 1.866667 1.900000 1.933333 1.966667 2.000000 2.033333 2.066667 2.100000
2.133333 2.166667 2.200000 2.233333 2.266667 2.300000 2.333333 2.366667</float_array>
        <technique_common>
          <accessor source="#mixamorig_Hips-Matrix-animation-input-array" count="72">
            <param name="TIME" type="float"/>
          </accessor>
        </technique_common>
      </source>
      <source id="mixamorig_Hips-Matrix-animation-output-transform">
        <float_array id="mixamorig_Hips-Matrix-animation-output-transform-array" count="1152">

0.959327 0.036331 0.279950 1.281528 -0.016024 0.997093 -0.074488 103.060280 -0.281843 0.066973 0.957120 1.632275 0.000000 0.000000 0.000000 1.000000
0.940285 0.083118 0.330085 1.635520 -0.054147 0.993905 -0.096029 102.999947 -0.336055 0.072422 0.939054 1.790110 0.000000 0.000000 0.000000 1.000000
0.928186 0.128731 0.349140 1.803036 -0.093475 0.988831 -0.116086 102.647675 -0.360185 0.075113 0.929852 1.951528 0.000000 0.000000 0.000000 1.000000
0.927716 0.168056 0.333316 1.853953 -0.131062 0.982721 -0.130700 101.900650 -0.349522 0.077567 0.933712 2.153644 0.000000 0.000000 0.000000 1.000000
0.938894 0.191418 0.286073 1.917946 -0.157037 0.977782 -0.138860 101.713242 -0.306297 0.085451 0.948093 2.400823 0.000000 0.000000 0.000000 1.000000
0.953400 0.208638 0.217941 2.276083 -0.181125 0.973502 -0.139599 101.531364 -0.241292 0.093620 0.965926 2.671751 0.000000 0.000000 0.000000 1.000000
0.970140 0.209131 0.122850 2.827740 -0.193204 0.972530 -0.129838 101.430130 -0.146629 0.102226 0.983895 2.953233 0.000000 0.000000 0.000000 1.000000
0.979323 0.200214 0.029013 3.508282 -0.195637 0.973771 -0.116177 101.132721 -0.051512 0.108098 0.992805 3.175348 0.000000 0.000000 0.000000 1.000000
0.983360 0.174351 -0.051037 4.508817 -0.178607 0.979209 -0.096172 100.908928 0.033209 0.103687 0.994055 3.257169 0.000000 0.000000 0.000000 1.000000
0.985571 0.124544 -0.114621 5.983072 -0.133720 0.988088 -0.076169 100.589226 0.103769 0.090397 0.990485 3.317799 0.000000 0.000000 0.000000 1.000000
0.987411 0.051046 -0.149712 7.792948 -0.061233 0.996054 -0.064243 99.828705 0.145842 0.072602 0.986640 3.335273 0.000000 0.000000 0.000000 1.000000
0.987582 -0.034444 -0.153285 9.780810 0.025834 0.997993 -0.057811 99.011276 0.154968 0.053133 0.986490 3.325573 0.000000 0.000000 0.000000 1.000000
0.984296 -0.114572 -0.134293 11.712085 0.108580 0.992771 -0.051147 98.424789 0.139183 0.035762 0.989621 3.374279 0.000000 0.000000 0.000000 1.000000
0.978259 -0.180935 -0.101349 13.267186 0.177153 0.983144 -0.045227 98.035721 0.107824 0.026289 0.993822 3.531491 0.000000 0.000000 0.000000 1.000000
0.971250 -0.232899 -0.049300 14.303139 0.231305 0.972216 -0.035969 97.774437 0.056308 0.023532 0.998136 3.692047 0.000000 0.000000 0.000000 1.000000
0.961134 -0.274786 0.026716 14.808750 0.275243 0.961255 -0.015206 97.624702 -0.021502 0.021969 0.999527 3.762262 0.000000 0.000000 0.000000 1.000000
0.945450 -0.305209 0.113895 14.766613 0.305573 0.952056 0.014680 97.471756 -0.112915 0.020924 0.993384 3.742043 0.000000 0.000000 0.000000 1.000000
0.925558 -0.319674 0.202859 14.273214 0.317359 0.947249 0.044746 97.295029 -0.206462 0.022964 0.978185 3.657074 0.000000 0.000000 0.000000 1.000000
0.900343 -0.315826 0.299393 13.490871 0.309430 0.948351 0.069875 97.083679 -0.305999 0.029730 0.951568 3.443852 0.000000 0.000000 0.000000 1.000000
0.869764 -0.290080 0.399203 12.505259 0.279499 0.956293 0.085931 96.886848 -0.406682 0.036837 0.912827 3.144440 0.000000 0.000000 0.000000 1.000000
0.840271 -0.244087 0.484114 11.326340 0.230366 0.969049 0.088744 96.711349 -0.490791 0.036955 0.870493 2.871664 0.000000 0.000000 0.000000 1.000000
0.820927 -0.184321 0.540467 9.918796 0.172836 0.982281 0.072473 96.636734 -0.544249 0.033917 0.838238 2.631961 0.000000 0.000000 0.000000 1.000000
0.816695 -0.107580 0.566953 8.283947 0.108278 0.993587 0.032559 96.789207 -0.566820 0.034798 0.823107 2.431124 0.000000 0.000000 0.000000 1.000000
0.820869 -0.014153 0.570941 6.495963 0.032003 0.999262 -0.021241 97.264786 -0.570219 0.035708 0.820717 2.337215 0.000000 0.000000 0.000000 1.000000
0.822271 0.077162 0.563841 4.720433 -0.046732 0.996574 -0.068230 98.120773 -0.567175 0.029754 0.823060 2.289763 0.000000 0.000000 0.000000 1.000000
0.820378 0.143760 0.553455 3.096494 -0.110189 0.989485 -0.093688 99.075211 -0.561104 0.015876 0.827593 2.150236 0.000000 0.000000 0.000000 1.000000
0.826616 0.182371 0.532398 1.725689 -0.150972 0.983221 -0.102395 99.807785 -0.542138 0.004264 0.840278 1.984789 0.000000 0.000000 0.000000 1.000000
0.851701 0.201347 0.483803 0.600911 -0.172318 0.979505 -0.104291 100.248962 -0.494886 0.005456 0.868941 1.918700 0.000000 0.000000 0.000000 1.000000
0.892376 0.206159 0.401453 -0.266880 -0.181392 0.978392 -0.099226 100.466919 -0.413235 0.015727 0.910489 1.896151 0.000000 0.000000 0.000000 1.000000
0.933261 0.205518 0.294596 -0.784371 -0.187861 0.978303 -0.087361 100.802536 -0.306158 0.026188 0.951620 1.929754 0.000000 0.000000 0.000000 1.000000
0.963573 0.201738 0.175581 -1.054344 -0.192282 0.978877 -0.069475 101.158493 -0.185888 0.033183 0.982010 2.047325 0.000000 0.000000 0.000000 1.000000
0.980914 0.187197 0.052578 -1.322654 -0.185412 0.981963 -0.037030 101.540215 -0.058561 0.026575 0.997930 2.262792 0.000000 0.000000 0.000000 1.000000
0.983997 0.165767 -0.065358 -1.668851 -0.166279 0.986076 -0.002430 101.895767 0.064045 0.013258 0.997859 2.435441 0.000000 0.000000 0.000000 1.000000
0.974431 0.143717 -0.172714 -2.017805 -0.143762 0.989536 0.012315 102.127960 0.172676 0.012829 0.984895 2.497204 0.000000 0.000000 0.000000 1.000000
0.956473 0.115155 -0.268138 -2.406570 -0.116064 0.993163 0.012514 102.285973 0.267746 0.019152 0.963299 2.523919 0.000000 0.000000 0.000000 1.000000
0.934838 0.073821 -0.347316 -2.799482 -0.077292 0.997001 0.003872 102.086617 0.346560 0.023225 0.937740 2.460192 0.000000 0.000000 0.000000 1.000000
0.915798 0.023689 -0.400940 -3.049995 -0.032688 0.999344 -0.015620 101.875214 0.400307 0.027411 0.915971 2.228017 0.000000 0.000000 0.000000 1.000000
0.905296 -0.023039 -0.424157 -2.990721 0.008283 0.999296 -0.036600 101.816208 0.424701 0.029621 0.904849 1.844486 0.000000 0.000000 0.000000 1.000000
0.908661 -0.062184 -0.412877 -2.714140 0.046601 0.997773 -0.047718 101.646683 0.414925 0.024119 0.909536 1.357542 0.000000 0.000000 0.000000 1.000000
0.926493 -0.095598 -0.363967 -2.485878 0.083604 0.995313 -0.048606 101.479607 0.366908 0.014604 0.930143 0.773267 0.000000 0.000000 0.000000 1.000000
0.950728 -0.122680 -0.284720 -2.473374 0.114677 0.992398 -0.044675 101.336349 0.288036 0.009823 0.957569 0.218201 0.000000 0.000000 0.000000 1.000000
0.972687 -0.136890 -0.187459 -2.670223 0.132120 0.990514 -0.037771 101.122543 0.190852 0.011973 0.981546 -0.147955 0.000000 0.000000 0.000000 1.000000
0.987076 -0.135317 -0.085847 -3.127150 0.133294 0.990655 -0.028902 100.736244 0.088956 0.017086 0.995889 -0.280037 0.000000 0.000000 0.000000 1.000000
0.992492 -0.121775 0.011447 -3.921870 0.122029 0.992211 -0.025024 100.265564 -0.008311 0.026233 0.999621 -0.188805 0.000000 0.000000 0.000000 1.000000
0.990403 -0.096001 0.099423 -5.001461 0.099463 0.994575 -0.030468 99.895676 -0.095958 0.040064 0.994579 0.094956 0.000000 0.000000 0.000000 1.000000
0.984453 -0.054190 0.167080 -6.240191 0.062151 0.997149 -0.042791 99.663322 -0.164285 0.052510 0.985014 0.478693 0.000000 0.000000 0.000000 1.000000
0.980212 0.003664 0.197919 -7.566828 0.008354 0.998172 -0.059853 99.427025 -0.197776 0.060322 0.978389 0.809500 0.000000 0.000000 0.000000 1.000000
0.980786 0.069007 0.182473 -8.968897 -0.055280 0.995319 -0.079273 99.185966 -0.187090 0.067663 0.980010 1.025299 0.000000 0.000000 0.000000 1.000000
0.982822 0.132072 0.128908 -10.324380 -0.120357 0.988192 -0.094820 99.089668 -0.139909 0.077676 0.987113 1.173226 0.000000 0.000000 0.000000 1.000000
0.980331 0.188090 0.059773 -11.498207 -0.181580 0.978254 -0.100240 99.189896 -0.077327 0.087415 0.993166 1.316805 0.000000 0.000000 0.000000 1.000000
0.972149 0.234266 -0.006788 -12.466910 -0.233832 0.967583 -0.095424 99.260284 -0.015787 0.094354 0.995414 1.476049 0.000000 0.000000 0.000000 1.000000
0.961069 0.266372 -0.073435 -13.252890 -0.272070 0.958666 -0.083291 98.993675 0.048213 0.100028 0.993816 1.590292 0.000000 0.000000 0.000000 1.000000
0.947440 0.283513 -0.148247 -13.700142 -0.295349 0.953201 -0.064625 98.773720 0.122987 0.105013 0.986837 1.674387 0.000000 0.000000 0.000000 1.000000
0.928487 0.288509 -0.233825 -13.759834 -0.305811 0.951224 -0.040650 98.632530 0.210692 0.109249 0.971429 1.740268 0.000000 0.000000 0.000000 1.000000
0.900087 0.284101 -0.330348 -13.429603 -0.305763 0.951999 -0.014376 98.518227 0.310406 0.113948 0.943750 1.806012 0.000000 0.000000 0.000000 1.000000
0.862567 0.265577 -0.430635 -12.722448 -0.290195 0.956926 0.008882 98.406235 0.414445 0.117307 0.902482 1.907045 0.000000 0.000000 0.000000 1.000000
0.821218 0.232311 -0.521183 -11.652210 -0.256970 0.966077 0.025714 98.330719 0.509477 0.112812 0.853057 2.039446 0.000000 0.000000 0.000000 1.000000
0.780663 0.190775 -0.595123 -10.287007 -0.213180 0.976443 0.033370 98.279045 0.587469 0.100818 0.802942 2.131208 0.000000 0.000000 0.000000 1.000000
0.747750 0.143660 -0.648253 -8.708668 -0.164781 0.985921 0.028418 98.260696 0.643209 0.085570 0.760894 2.127178 0.000000 0.000000 0.000000 1.000000
0.732682 0.087632 -0.674906 -7.101133 -0.109049 0.993979 0.010678 98.227180 0.671778 0.065774 0.737827 2.038695 0.000000 0.000000 0.000000 1.000000
0.736977 0.025872 -0.675423 -5.447701 -0.048760 0.998699 -0.014949 98.401634 0.674157 0.043951 0.737279 1.846173 0.000000 0.000000 0.000000 1.000000
0.756082 -0.032397 -0.653674 -3.889647 0.007567 0.999140 -0.040766 98.869446 0.654433 0.025876 0.755677 1.618174 0.000000 0.000000 0.000000 1.000000
0.787121 -0.079181 -0.611695 -2.585521 0.053770 0.996759 -0.059835 99.432602 0.614451 0.014206 0.788827 1.400991 0.000000 0.000000 0.000000 1.000000
0.828343 -0.110123 -0.549290 -1.615507 0.086426 0.993871 -0.068921 99.979576 0.553514 0.009617 0.832784 1.167327 0.000000 0.000000 0.000000 1.000000
0.876076 -0.126237 -0.465355 -1.035518 0.106524 0.991945 -0.068544 100.537766 0.470260 0.010478 0.882466 0.957038 0.000000 0.000000 0.000000 1.000000
0.923628 -0.132186 -0.359776 -0.733469 0.118087 0.991128 -0.060996 101.227707 0.364646 0.013853 0.931043 0.828944 0.000000 0.000000 0.000000 1.000000
0.962199 -0.130488 -0.239054 -0.549223 0.121228 0.991203 -0.053103 101.958321 0.243880 0.022115 0.969553 0.776232 0.000000 0.000000 0.000000 1.000000
0.986147 -0.119682 -0.114853 -0.355858 0.114562 0.992146 -0.050214 102.587433 0.119960 0.036360 0.992113 0.811951 0.000000 0.000000 0.000000 1.000000
0.995423 -0.095486 0.003865 -0.069447 0.095561 0.994240 -0.048533 103.042480 0.000792 0.048680 0.998814 1.004884 0.000000 0.000000 0.000000 1.000000
0.992032 -0.058171 0.111753 0.331753 0.063940 0.996762 -0.048752 103.262741 -0.108555 0.055509 0.992539 1.219156 0.000000 0.000000 0.000000 1.000000
0.978676 -0.012405 0.205033 0.809909 0.024707 0.998037 -0.057550 103.213638 -0.203916 0.061388 0.977062 1.439953 0.000000 0.000000 0.000000 1.000000
0.959327 0.036331 0.279950 1.281528 -0.016024 0.997093 -0.074488 103.060280 -0.281843 0.066973 0.957120 1.632275 0.000000 0.000000 0.000000 1.000000</float_array>
        <technique_common>
          <accessor source="#mixamorig_Hips-Matrix-animation-output-transform-array" count="72" stride="16">
            <param type="float4x4"/>
          </accessor>
        </technique_common>
      </source>
      <source id="mixamorig_Hips-Interpolations">
        <Name_array id="mixamorig_Hips-Interpolations-array" count="72">
 LINEAR LINEAR LINEAR LINEAR LINEAR LINEAR LINEAR LINEAR LINEAR LINEAR LINEAR
LINEAR LINEAR LINEAR LINEAR LINEAR LINEAR LINEAR LINEAR LINEAR LINEAR LINEAR LINEAR
LINEAR LINEAR LINEAR LINEAR LINEAR LINEAR LINEAR LINEAR LINEAR LINEAR LINEAR LINEAR
LINEAR LINEAR LINEAR LINEAR LINEAR LINEAR LINEAR LINEAR LINEAR LINEAR LINEAR LINEAR
LINEAR LINEAR LINEAR LINEAR LINEAR LINEAR LINEAR LINEAR LINEAR LINEAR LINEAR LINEAR
LINEAR LINEAR LINEAR LINEAR LINEAR LINEAR LINEAR LINEAR LINEAR LINEAR LINEAR LINEAR
LINEAR</Name_array>
        <technique_common>
          <accessor source="#mixamorig_Hips-Interpolations-array" count="72">
            <param type="name"/>
          </accessor>
        </technique_common>
      </source>
      <sampler id="mixamorig_Hips-Matrix-animation-transform">
        <input semantic="INPUT" source="#mixamorig_Hips-Matrix-animation-input"/>
        <input semantic="OUTPUT" source="#mixamorig_Hips-Matrix-animation-output-transform"/>
        <input semantic="INTERPOLATION" source="#mixamorig_Hips-Interpolations"/>
      </sampler>
      <channel source="#mixamorig_Hips-Matrix-animation-transform" target="mixamorig_Hips/matrix"/>
    </animation>
    <animation id="mixamorig_Spine-anim" name="mixamorig_Spine">
      <source id="mixamorig_Spine-Matrix-animation-input">
        <float_array id="mixamorig_Spine-Matrix-animation-input-array" count="72">

0.000000 0.033333 0.066667 0.100000 0.133333 0.166667 0.200000 0.233333 0.266667 0.300000 0.333333 0.366667 0.400000 0.433333 0.466667 0.500000
0.533333 0.566667 0.600000 0.633333 0.666667 0.700000 0.733333 0.766667 0.800000 0.833333 0.866667 0.900000 0.933333 0.966667 1.000000 1.033333
1.066667 1.100000 1.133333 1.166667 1.200000 1.233333 1.266667 1.300000 1.333333 1.366667 1.400000 1.433333 1.466667 1.500000 1.533333 1.566667
1.600000 1.633333 1.666667 1.700000 1.733333 1.766667 1.800000 1.833333 1.866667 1.900000 1.933333 1.966667 2.000000 2.033333 2.066667 2.100000
2.133333 2.166667 2.200000 2.233333 2.266667 2.300000 2.333333 2.366667</float_array>
        <technique_common>
          <accessor source="#mixamorig_Spine-Matrix-animation-input-array" count="72">
            <param name="TIME" type="float"/>
          </accessor>
        </technique_common>
      </source>
      <source id="mixamorig_Spine-Matrix-animation-output-transform">
        <float_array id="mixamorig_Spine-Matrix-animation-output-transform-array" count="1152">

0.985255 0.002256 -0.171077 -0.038100 0.049393 0.953588 0.297035 9.490500 0.163808 -0.301105 0.939416 -1.392100 0.000000 0.000000 0.000000 1.000000
0.982383 0.003071 -0.186855 -0.038100 0.057970 0.945534 0.320319 9.490500 0.177661 -0.325508 0.928699 -1.392100 0.000000 0.000000 0.000000 1.000000
0.982596 -0.023474 -0.184265 -0.038100 0.084617 0.939645 0.331522 9.490500 0.165361 -0.341344 0.925278 -1.392100 0.000000 0.000000 0.000000 1.000000
0.985039 -0.063633 -0.160154 -0.038100 0.115206 0.934299 0.337361 9.490500 0.128165 -0.350765 0.927652 -1.392100 0.000000 0.000000 0.000000 1.000000
0.988248 -0.096202 -0.118793 -0.038100 0.132035 0.928809 0.346237 9.490500 0.077028 -0.357853 0.930596 -1.392100 0.000000 0.000000 0.000000 1.000000
0.986417 -0.141076 -0.084137 -0.038100 0.161946 0.920946 0.354446 9.490500 0.027482 -0.363257 0.931284 -1.392100 0.000000 0.000000 0.000000 1.000000
0.985148 -0.145336 -0.091437 -0.038100 0.168659 0.918930 0.356542 9.490500 0.032206 -0.366668 0.929794 -1.392100 0.000000 0.000000 0.000000 1.000000
0.984228 -0.155994 -0.083436 -0.038100 0.175643 0.917940 0.355719 9.490500 0.021099 -0.364763 0.930861 -1.392100 0.000000 0.000000 0.000000 1.000000
0.978331 -0.204420 -0.032884 -0.038100 0.202772 0.913857 0.351779 9.490500 -0.041859 -0.350824 0.935505 -1.392100 0.000000 0.000000 0.000000 1.000000
0.966065 -0.254980 0.041277 -0.038100 0.227497 0.915606 0.331528 9.490500 -0.122326 -0.310888 0.942542 -1.392100 0.000000 0.000000 0.000000 1.000000
0.954450 -0.270404 0.126119 -0.038100 0.224122 0.928775 0.295206 9.490500 -0.196961 -0.253494 0.947073 -1.392100 0.000000 0.000000 0.000000 1.000000
0.945795 -0.257924 0.197349 -0.038100 0.204063 0.944703 0.256701 9.490500 -0.252645 -0.202515 0.946128 -1.392100 0.000000 0.000000 0.000000 1.000000
0.940042 -0.241037 0.241294 -0.038100 0.184489 0.954411 0.234656 9.490500 -0.286854 -0.176070 0.941655 -1.392100 0.000000 0.000000 0.000000 1.000000
0.939404 -0.218386 0.264248 -0.038100 0.158011 0.959899 0.231573 9.490500 -0.304223 -0.175787 0.936241 -1.392100 0.000000 0.000000 0.000000 1.000000
0.945877 -0.183422 0.267718 -0.038100 0.122520 0.965737 0.228783 9.490500 -0.300509 -0.183599 0.935941 -1.392100 0.000000 0.000000 0.000000 1.000000
0.959800 -0.132031 0.247693 -0.038100 0.079222 0.974008 0.212209 9.490500 -0.269273 -0.184055 0.945312 -1.392100 0.000000 0.000000 0.000000 1.000000
0.975142 -0.065058 0.211817 -0.038100 0.025375 0.982425 0.184925 9.490500 -0.220125 -0.174953 0.959654 -1.392100 0.000000 0.000000 0.000000 1.000000
0.986069 0.007024 0.166187 -0.038100 -0.033235 0.987282 0.155469 9.490500 -0.162981 -0.158826 0.973761 -1.392100 0.000000 0.000000 0.000000 1.000000
0.992063 0.069901 0.104526 -0.038100 -0.083331 0.987980 0.130196 9.490500 -0.094168 -0.137873 0.985963 -1.392100 0.000000 0.000000 0.000000 1.000000
0.993589 0.108774 0.030807 -0.038100 -0.111647 0.986937 0.116144 9.490500 -0.017771 -0.118839 0.992754 -1.392100 0.000000 0.000000 0.000000 1.000000
0.991686 0.122979 -0.037892 -0.038100 -0.117826 0.986134 0.116866 9.490500 0.051738 -0.111430 0.992425 -1.392100 0.000000 0.000000 0.000000 1.000000
0.988469 0.123655 -0.087402 -0.038100 -0.111359 0.984734 0.133785 9.490500 0.102611 -0.122509 0.987149 -1.392100 0.000000 0.000000 0.000000 1.000000
0.986747 0.113836 -0.115633 -0.038100 -0.093473 0.981280 0.168381 9.490500 0.132636 -0.155341 0.978916 -1.392100 0.000000 0.000000 0.000000 1.000000
0.985655 0.100061 -0.135910 -0.038100 -0.068953 0.973767 0.216850 9.490500 0.154043 -0.204368 0.966698 -1.392100 0.000000 0.000000 0.000000 1.000000
0.982357 0.099650 -0.158256 -0.038100 -0.055123 0.962906 0.264146 9.490500 0.178708 -0.250762 0.951410 -1.392100 0.000000 0.000000 0.000000 1.000000
0.978539 0.112723 -0.172496 -0.038100 -0.060213 0.956990 0.283803 9.490500 0.197068 -0.267326 0.943240 -1.392100 0.000000 0.000000 0.000000 1.000000
0.979477 0.119136 -0.162577 -0.038100 -0.070142 0.957669 0.279197 9.490500 0.188957 -0.262063 0.946371 -1.392100 0.000000 0.000000 0.000000 1.000000
0.986184 0.111164 -0.122815 -0.038100 -0.072715 0.956653 0.282007 9.490500 0.148840 -0.269180 0.951519 -1.392100 0.000000 0.000000 0.000000 1.000000
0.994166 0.086621 -0.064270 -0.038100 -0.063793 0.952683 0.297197 9.490500 0.086972 -0.291364 0.952651 -1.392100 0.000000 0.000000 0.000000 1.000000
0.999297 0.037403 -0.002456 -0.038100 -0.034773 0.949494 0.311853 9.490500 0.013997 -0.311548 0.950127 -1.392100 0.000000 0.000000 0.000000 1.000000
0.997441 -0.037809 0.060687 -0.038100 0.016415 0.947174 0.320301 9.490500 -0.069591 -0.318485 0.945370 -1.392100 0.000000 0.000000 0.000000 1.000000
0.985195 -0.110717 0.130892 -0.038100 0.066346 0.950233 0.304395 9.490500 -0.158080 -0.291204 0.943510 -1.392100 0.000000 0.000000 0.000000 1.000000
0.966097 -0.161701 0.201270 -0.038100 0.103881 0.957144 0.270341 9.490500 -0.236359 -0.240268 0.941491 -1.392100 0.000000 0.000000 0.000000 1.000000
0.942271 -0.204036 0.265510 -0.038100 0.137311 0.958624 0.249370 9.490500 -0.305404 -0.198517 0.931300 -1.392100 0.000000 0.000000 0.000000 1.000000
0.914689 -0.235860 0.328198 -0.038100 0.161709 0.957798 0.237639 9.490500 -0.370397 -0.164293 0.914229 -1.392100 0.000000 0.000000 0.000000 1.000000
0.891758 -0.243969 0.381113 -0.038100 0.164980 0.959532 0.228211 9.490500 -0.421367 -0.140633 0.895920 -1.392100 0.000000 0.000000 0.000000 1.000000
0.881755 -0.237598 0.407499 -0.038100 0.152729 0.961148 0.229932 9.490500 -0.446299 -0.140507 0.883785 -1.392100 0.000000 0.000000 0.000000 1.000000
0.883598 -0.234955 0.405032 -0.038100 0.148483 0.960950 0.233514 9.490500 -0.444081 -0.146192 0.883980 -1.392100 0.000000 0.000000 0.000000 1.000000
0.896309 -0.229810 0.379233 -0.038100 0.152903 0.962948 0.222152 9.490500 -0.416235 -0.141131 0.898237 -1.392100 0.000000 0.000000 0.000000 1.000000
0.918730 -0.210108 0.334351 -0.038100 0.147605 0.968045 0.202737 9.490500 -0.366263 -0.136909 0.920384 -1.392100 0.000000 0.000000 0.000000 1.000000
0.944922 -0.172333 0.278253 -0.038100 0.121353 0.974030 0.191151 9.490500 -0.303968 -0.146856 0.941295 -1.392100 0.000000 0.000000 0.000000 1.000000
0.969033 -0.124211 0.213417 -0.038100 0.084889 0.979170 0.184443 9.490500 -0.231881 -0.160614 0.959393 -1.392100 0.000000 0.000000 0.000000 1.000000
0.987549 -0.071895 0.139922 -0.038100 0.046400 0.983008 0.177604 9.490500 -0.150314 -0.168900 0.974104 -1.392100 0.000000 0.000000 0.000000 1.000000
0.998030 -0.011994 0.061580 -0.038100 0.000521 0.983105 0.183043 9.490500 -0.062735 -0.182651 0.981174 -1.392100 0.000000 0.000000 0.000000 1.000000
0.998505 0.051203 -0.019156 -0.038100 -0.046090 0.976885 0.208739 9.490500 0.029401 -0.207544 0.977784 -1.392100 0.000000 0.000000 0.000000 1.000000
0.990047 0.102491 -0.096452 -0.038100 -0.076691 0.967517 0.240892 9.490500 0.118008 -0.231098 0.965747 -1.392100 0.000000 0.000000 0.000000 1.000000
0.979118 0.127790 -0.158107 -0.038100 -0.082366 0.960400 0.266172 9.490500 0.185860 -0.247591 0.950870 -1.392100 0.000000 0.000000 0.000000 1.000000
0.971523 0.130541 -0.197742 -0.038100 -0.069566 0.954916 0.288610 9.490500 0.226503 -0.266636 0.936804 -1.392100 0.000000 0.000000 0.000000 1.000000
0.967948 0.120903 -0.220134 -0.038100 -0.047528 0.948845 0.312144 9.490500 0.246612 -0.291677 0.924179 -1.392100 0.000000 0.000000 0.000000 1.000000
0.967544 0.099767 -0.232173 -0.038100 -0.017578 0.943113 0.332008 9.490500 0.252089 -0.317151 0.914257 -1.392100 0.000000 0.000000 0.000000 1.000000
0.968709 0.070882 -0.237862 -0.038100 0.016572 0.937744 0.346932 9.490500 0.247645 -0.340018 0.907226 -1.392100 0.000000 0.000000 0.000000 1.000000
0.971786 0.041573 -0.232173 -0.038100 0.044946 0.933667 0.355310 9.490500 0.231543 -0.355721 0.905456 -1.392100 0.000000 0.000000 0.000000 1.000000
0.977571 0.008657 -0.210430 -0.038100 0.068578 0.931618 0.356911 9.490500 0.199130 -0.363337 0.910128 -1.392100 0.000000 0.000000 0.000000 1.000000
0.984371 -0.038226 -0.171909 -0.038100 0.097899 0.930208 0.353736 9.490500 0.146390 -0.365037 0.919412 -1.392100 0.000000 0.000000 0.000000 1.000000
0.987798 -0.104194 -0.115752 -0.038100 0.138587 0.927164 0.348081 9.490500 0.071053 -0.359876 0.930291 -1.392100 0.000000 0.000000 0.000000 1.000000
0.983508 -0.176362 -0.040099 -0.038100 0.179389 0.922969 0.340512 9.490500 -0.023044 -0.342090 0.939385 -1.392100 0.000000 0.000000 0.000000 1.000000
0.970190 -0.237187 0.049731 -0.038100 0.208575 0.921719 0.327003 9.490500 -0.123399 -0.306883 0.943714 -1.392100 0.000000 0.000000 0.000000 1.000000
0.950883 -0.276420 0.139332 -0.038100 0.223852 0.924924 0.307257 9.490500 -0.213803 -0.260976 0.941371 -1.392100 0.000000 0.000000 0.000000 1.000000
0.931551 -0.292426 0.216103 -0.038100 0.226304 0.931459 0.284903 9.490500 -0.284604 -0.216497 0.933879 -1.392100 0.000000 0.000000 0.000000 1.000000
0.917434 -0.286869 0.275718 -0.038100 0.215181 0.940596 0.262633 9.490500 -0.334681 -0.181619 0.924664 -1.392100 0.000000 0.000000 0.000000 1.000000
0.908943 -0.276640 0.311919 -0.038100 0.205113 0.948060 0.243127 9.490500 -0.362977 -0.157010 0.918475 -1.392100 0.000000 0.000000 0.000000 1.000000
0.906335 -0.274979 0.320848 -0.038100 0.206691 0.950753 0.230969 9.490500 -0.368559 -0.143019 0.918537 -1.392100 0.000000 0.000000 0.000000 1.000000
0.909264 -0.280478 0.307524 -0.038100 0.218177 0.950390 0.221716 9.490500 -0.354454 -0.134503 0.925349 -1.392100 0.000000 0.000000 0.000000 1.000000
0.917846 -0.283939 0.277375 -0.038100 0.228568 0.949376 0.215502 9.490500 -0.324522 -0.134398 0.936281 -1.392100 0.000000 0.000000 0.000000 1.000000
0.933390 -0.270087 0.236297 -0.038100 0.220917 0.951354 0.214760 9.490500 -0.282806 -0.148252 0.947651 -1.392100 0.000000 0.000000 0.000000 1.000000
0.955229 -0.229754 0.186415 -0.038100 0.188710 0.958386 0.214209 9.490500 -0.227873 -0.169440 0.958835 -1.392100 0.000000 0.000000 0.000000 1.000000
0.976932 -0.171100 0.127783 -0.038100 0.141240 0.966499 0.214315 9.490500 -0.160171 -0.191323 0.968370 -1.392100 0.000000 0.000000 0.000000 1.000000
0.991869 -0.110219 0.063619 -0.038100 0.093690 0.970740 0.221102 9.490500 -0.086127 -0.213344 0.973173 -1.392100 0.000000 0.000000 0.000000 1.000000
0.998250 -0.058946 -0.004687 -0.038100 0.058426 0.971010 0.231787 9.490500 -0.009112 -0.231655 0.972755 -1.392100 0.000000 0.000000 0.000000 1.000000
0.997035 -0.023084 -0.073411 -0.038100 0.040536 0.968415 0.246028 9.490500 0.065413 -0.248274 0.966479 -1.392100 0.000000 0.000000 0.000000 1.000000
0.991192 -0.005523 -0.132316 -0.038100 0.041338 0.962111 0.269505 9.490500 0.125814 -0.272601 0.953866 -1.392100 0.000000 0.000000 0.000000 1.000000
0.985255 0.002256 -0.171077 -0.038100 0.049393 0.953588 0.297035 9.490500 0.163808 -0.301105 0.939416 -1.392100 0.000000 0.000000 0.000000 1.000000</float_array>
        <technique_common>
          <accessor source="#mixamorig_Spine-Matrix-animation-output-transform-array" count="72" stride="16">
            <param type="float4x4"/>
          </accessor>
        </technique_common>
      </source>
      <source id="mixamorig_Spine-Interpolations">
        <Name_array id="mixamorig_Spine-Interpolations-array" count="72">
 LINEAR LINEAR LINEAR LINEAR LINEAR LINEAR LINEAR LINEAR LINEAR LINEAR LINEAR
LINEAR LINEAR LINEAR LINEAR LINEAR LINEAR LINEAR LINEAR LINEAR LINEAR LINEAR LINEAR
LINEAR LINEAR LINEAR LINEAR LINEAR LINEAR LINEAR LINEAR LINEAR LINEAR LINEAR LINEAR
LINEAR LINEAR LINEAR LINEAR LINEAR LINEAR LINEAR LINEAR LINEAR LINEAR LINEAR LINEAR
LINEAR LINEAR LINEAR LINEAR LINEAR LINEAR LINEAR LINEAR LINEAR LINEAR LINEAR LINEAR
LINEAR LINEAR LINEAR LINEAR LINEAR LINEAR LINEAR LINEAR LINEAR LINEAR LINEAR LINEAR
LINEAR</Name_array>
        <technique_common>
          <accessor source="#mixamorig_Spine-Interpolations-array" count="72">
            <param type="name"/>
          </accessor>
        </technique_common>
      </source>
      <sampler id="mixamorig_Spine-Matrix-animation-transform">
        <input semantic="INPUT" source="#mixamorig_Spine-Matrix-animation-input"/>
        <input semantic="OUTPUT" source="#mixamorig_Spine-Matrix-animation-output-transform"/>
        <input semantic="INTERPOLATION" source="#mixamorig_Spine-Interpolations"/>
      </sampler>
      <channel source="#mixamorig_Spine-Matrix-animation-transform" target="mixamorig_Spine/matrix"/>
    </animation>
    <animation id="mixamorig_Spine1-anim" name="mixamorig_Spine1">
      <source id="mixamorig_Spine1-Matrix-animation-input">
        <float_array id="mixamorig_Spine1-Matrix-animation-input-array" count="72">

0.000000 0.033333 0.066667 0.100000 0.133333 0.166667 0.200000 0.233333 0.266667 0.300000 0.333333 0.366667 0.400000 0.433333 0.466667 0.500000
0.533333 0.566667 0.600000 0.633333 0.666667 0.700000 0.733333 0.766667 0.800000 0.833333 0.866667 0.900000 0.933333 0.966667 1.000000 1.033333
1.066667 1.100000 1.133333 1.166667 1.200000 1.233333 1.266667 1.300000 1.333333 1.366667 1.400000 1.433333 1.466667 1.500000 1.533333 1.566667
1.600000 1.633333 1.666667 1.700000 1.733333 1.766667 1.800000 1.833333 1.866667 1.900000 1.933333 1.966667 2.000000 2.033333 2.066667 2.100000
2.133333 2.166667 2.200000 2.233333 2.266667 2.300000 2.333333 2.366667</float_array>
        <technique_common>
          <accessor source="#mixamorig_Spine1-Matrix-animation-input-array" count="72">
            <param name="TIME" type="float"/>
          </accessor>
        </technique_common>
      </source>
      <source id="mixamorig_Spine1-Matrix-animation-output-transform">
        <float_array id="mixamorig_Spine1-Matrix-animation-output-transform-array" count="1152">

0.999591 0.009271 -0.027038 0.000000 -0.011425 0.996678 -0.080641 11.190800 0.026201 0.080917 0.996376 0.000000 0.000000 0.000000 0.000000 1.000000
0.999143 -0.026757 -0.031583 -0.000000 0.023768 0.995522 -0.091492 11.190800 0.033889 0.090663 0.995305 0.000000 0.000000 0.000000 0.000000 1.000000
0.998639 -0.042384 -0.030380 -0.000000 0.039445 0.995018 -0.091555 11.190800 0.034109 0.090232 0.995337 -0.000000 0.000000 0.000000 0.000000 1.000000
0.998796 -0.042351 -0.024754 -0.000000 0.040146 0.995686 -0.083650 11.190800 0.028190 0.082556 0.996188 0.000000 0.000000 0.000000 0.000000 1.000000
0.999016 -0.041190 -0.016450 0.000000 0.039848 0.996393 -0.074920 11.190800 0.019477 0.074191 0.997054 0.000000 0.000000 0.000000 0.000000 1.000000
0.999265 -0.037488 -0.008061 0.000000 0.036844 0.996936 -0.069005 11.190800 0.010623 0.068658 0.997584 -0.000000 0.000000 0.000000 0.000000 1.000000
0.998195 -0.059203 -0.010110 0.000000 0.058189 0.994987 -0.081334 11.190800 0.014874 0.080599 0.996636 0.000000 0.000000 0.000000 0.000000 1.000000
0.997526 -0.069723 -0.008984 0.000000 0.068618 0.993465 -0.091211 11.190800 0.015285 0.090369 0.995791 0.000000 0.000000 0.000000 0.000000 1.000000
0.999227 -0.039179 0.003375 0.000000 0.039324 0.995437 -0.086939 11.190800 0.000047 0.087004 0.996208 0.000000 0.000000 0.000000 0.000000 1.000000
0.999727 0.011621 0.020247 0.000000 -0.010138 0.997362 -0.071881 11.190800 -0.021029 0.071656 0.997208 0.000000 0.000000 0.000000 0.000000 1.000000
0.997484 0.060102 0.037601 0.000000 -0.058106 0.996951 -0.052082 11.190800 -0.040617 0.049766 0.997935 0.000000 0.000000 0.000000 0.000000 1.000000
0.993212 0.103718 0.052655 0.000000 -0.101548 0.993929 -0.042344 11.190800 -0.056727 0.036710 0.997715 -0.000000 0.000000 0.000000 0.000000 1.000000
0.987866 0.142038 0.062814 0.000000 -0.139042 0.989035 -0.049765 11.190800 -0.069194 0.040428 0.996784 0.000000 0.000000 0.000000 0.000000 1.000000
0.983381 0.168637 0.067255 0.000000 -0.164482 0.984354 -0.063195 11.190800 -0.076860 0.051082 0.995732 0.000000 0.000000 0.000000 0.000000 1.000000
0.980360 0.185418 0.067188 0.000000 -0.180850 0.981107 -0.068714 11.190800 -0.078659 0.055213 0.995371 0.000000 0.000000 0.000000 0.000000 1.000000
0.978144 0.198012 0.063443 0.000000 -0.193890 0.978823 -0.065667 11.190800 -0.075102 0.051931 0.995823 0.000000 0.000000 0.000000 0.000000 1.000000
0.978002 0.200681 0.056909 0.000000 -0.197397 0.978579 -0.058464 11.190800 -0.067423 0.045944 0.996666 0.000000 0.000000 0.000000 0.000000 1.000000
0.980610 0.189963 0.048143 -0.000000 -0.187658 0.981031 -0.048611 11.190800 -0.056464 0.038634 0.997657 0.000000 0.000000 0.000000 0.000000 1.000000
0.984319 0.172552 0.036629 -0.000000 -0.171202 0.984531 -0.037262 11.190800 -0.042492 0.030406 0.998634 0.000000 0.000000 0.000000 0.000000 1.000000
0.988032 0.152570 0.022686 0.000000 -0.151889 0.987966 -0.029217 11.190800 -0.026870 0.025422 0.999316 0.000000 0.000000 0.000000 0.000000 1.000000
0.991822 0.127388 0.007775 -0.000000 -0.127111 0.991455 -0.029325 11.190800 -0.011444 0.028097 0.999540 0.000000 0.000000 0.000000 0.000000 1.000000
0.995076 0.098978 -0.005267 0.000000 -0.099103 0.994445 -0.035473 11.190800 0.001727 0.035820 0.999357 0.000000 0.000000 0.000000 0.000000 1.000000
0.997508 0.068997 -0.014765 -0.000000 -0.069562 0.996694 -0.041971 11.190800 0.011821 0.042894 0.999010 0.000000 0.000000 0.000000 0.000000 1.000000
0.999292 0.029536 -0.023324 -0.000000 -0.030699 0.998216 -0.051203 11.190800 0.021770 0.051882 0.998416 -0.000000 0.000000 0.000000 0.000000 1.000000
0.999158 -0.024827 -0.032676 0.000000 0.022525 0.997362 -0.069010 11.190800 0.034303 0.068216 0.997081 0.000000 0.000000 0.000000 0.000000 1.000000
0.996018 -0.079868 -0.039623 0.000000 0.076291 0.993474 -0.084787 11.190800 0.046136 0.081427 0.995611 0.000000 0.000000 0.000000 0.000000 1.000000
0.992742 -0.113110 -0.040869 0.000000 0.109234 0.990192 -0.087106 11.190800 0.050321 0.082009 0.995360 0.000000 0.000000 0.000000 0.000000 1.000000
0.991981 -0.121481 -0.034860 0.000000 0.118118 0.989253 -0.086177 11.190800 0.044954 0.081369 0.995670 0.000000 0.000000 0.000000 0.000000 1.000000
0.992936 -0.116294 -0.023536 0.000000 0.113733 0.989382 -0.090488 11.190800 0.033809 0.087172 0.995619 0.000000 0.000000 0.000000 0.000000 1.000000
0.994780 -0.101574 -0.009754 -0.000000 0.100180 0.990339 -0.095875 11.190800 0.019398 0.094397 0.995346 0.000000 0.000000 0.000000 0.000000 1.000000
0.997367 -0.072240 0.006407 -0.000000 0.072519 0.992357 -0.099840 11.190800 0.000854 0.100041 0.994983 0.000000 0.000000 0.000000 0.000000 1.000000
0.999094 -0.035432 0.023590 0.000000 0.037594 0.994422 -0.098546 11.190800 -0.019967 0.099343 0.994853 -0.000000 0.000000 0.000000 0.000000 1.000000
0.999214 -0.000817 0.039629 -0.000000 0.004418 0.995852 -0.090878 11.190800 -0.039390 0.090982 0.995073 0.000000 0.000000 0.000000 0.000000 1.000000
0.997865 0.035094 0.055072 0.000000 -0.030529 0.996193 -0.081653 11.190800 -0.057727 0.079798 0.995138 -0.000000 0.000000 0.000000 0.000000 1.000000
0.994778 0.073765 0.070543 0.000000 -0.068634 0.994997 -0.072595 11.190800 -0.075545 0.067374 0.994864 0.000000 0.000000 0.000000 0.000000 1.000000
0.990689 0.107843 0.083101 0.000000 -0.102276 0.992390 -0.068569 11.190800 -0.089863 0.059431 0.994179 0.000000 0.000000 0.000000 0.000000 1.000000
0.986715 0.135749 0.089249 0.000000 -0.129282 0.988793 -0.074658 11.190800 -0.098384 0.062128 0.993207 0.000000 0.000000 0.000000 0.000000 1.000000
0.982561 0.162703 0.090006 -0.000000 -0.155393 0.984356 -0.083044 11.190800 -0.102109 0.067609 0.992473 -0.000000 0.000000 0.000000 0.000000 1.000000
0.978376 0.187497 0.087321 0.000000 -0.180253 0.979975 -0.084599 11.190800 -0.101435 0.067030 0.992581 0.000000 0.000000 0.000000 0.000000 1.000000
0.975280 0.205607 0.080956 -0.000000 -0.198924 0.976452 -0.083491 11.190800 -0.096216 0.065323 0.993215 0.000000 0.000000 0.000000 0.000000 1.000000
0.974957 0.210811 0.070832 0.000000 -0.204830 0.975254 -0.083207 11.190800 -0.086621 0.066615 0.994012 -0.000000 0.000000 0.000000 0.000000 1.000000
0.977529 0.202544 0.058422 0.000000 -0.197928 0.977246 -0.076253 11.190800 -0.072537 0.062977 0.995375 0.000000 0.000000 0.000000 0.000000 1.000000
0.982207 0.182535 0.044154 -0.000000 -0.179647 0.981753 -0.062360 11.190800 -0.054731 0.053318 0.997077 0.000000 0.000000 0.000000 0.000000 1.000000
0.988141 0.151217 0.026681 0.000000 -0.149686 0.987353 -0.052231 11.190800 -0.034242 0.047617 0.998279 0.000000 0.000000 0.000000 0.000000 1.000000
0.993551 0.113208 0.006365 0.000000 -0.112728 0.992261 -0.052057 11.190800 -0.012209 0.051003 0.998624 0.000000 0.000000 0.000000 0.000000 1.000000
0.997380 0.071040 -0.013672 -0.000000 -0.071714 0.995767 -0.057484 11.190800 0.009530 0.058314 0.998253 0.000000 0.000000 0.000000 0.000000 1.000000
0.999219 0.026101 -0.029666 0.000000 -0.027966 0.997541 -0.064266 11.190800 0.027916 0.065045 0.997492 0.000000 0.000000 0.000000 0.000000 1.000000
0.999056 -0.016776 -0.040061 0.000000 0.013835 0.997265 -0.072602 11.190800 0.041170 0.071979 0.996556 -0.000000 0.000000 0.000000 0.000000 1.000000
0.997502 -0.053938 -0.045615 0.000000 0.050051 0.995337 -0.082453 11.190800 0.049850 0.079964 0.995550 0.000000 0.000000 0.000000 0.000000 1.000000
0.995537 -0.081661 -0.047301 0.000000 0.076987 0.992648 -0.093394 11.190800 0.054580 0.089335 0.994505 0.000000 0.000000 0.000000 0.000000 1.000000
0.993997 -0.099148 -0.046255 0.000000 0.093841 0.989987 -0.105451 11.190800 0.056247 0.100477 0.993348 -0.000000 0.000000 0.000000 0.000000 1.000000
0.992887 -0.110973 -0.043128 0.000000 0.105476 0.987898 -0.113721 11.190800 0.055226 0.108364 0.992576 -0.000000 0.000000 0.000000 0.000000 1.000000
0.992455 -0.116706 -0.037591 0.000000 0.111704 0.987038 -0.115235 11.190800 0.050552 0.110166 0.992627 -0.000000 0.000000 0.000000 0.000000 1.000000
0.993338 -0.111601 -0.028732 0.000000 0.107732 0.987815 -0.112322 11.190800 0.040917 0.108478 0.993256 0.000000 0.000000 0.000000 0.000000 1.000000
0.995381 -0.094680 -0.015905 0.000000 0.092466 0.990002 -0.106520 11.190800 0.025832 0.104557 0.994183 -0.000000 0.000000 0.000000 0.000000 1.000000
0.997655 -0.068444 0.000248 0.000000 0.068156 0.993101 -0.095426 11.190800 0.006285 0.095219 0.995436 0.000000 0.000000 0.000000 0.000000 1.000000
0.999172 -0.036448 0.018070 0.000000 0.037763 0.996175 -0.078800 11.190800 -0.015129 0.079417 0.996727 0.000000 0.000000 0.000000 0.000000 1.000000
0.999358 -0.006748 0.035172 0.000000 0.008924 0.998031 -0.062085 11.190800 -0.034684 0.062359 0.997451 0.000000 0.000000 0.000000 0.000000 1.000000
0.998633 0.016803 0.049502 -0.000000 -0.014375 0.998696 -0.048996 11.190800 -0.050261 0.048217 0.997572 0.000000 0.000000 0.000000 0.000000 1.000000
0.997235 0.042301 0.061091 0.000000 -0.039910 0.998409 -0.039838 11.190800 -0.062679 0.037289 0.997337 -0.000000 0.000000 0.000000 0.000000 1.000000
0.994437 0.078449 0.070296 0.000000 -0.075995 0.996424 -0.036922 11.190800 -0.072941 0.031375 0.996843 0.000000 0.000000 0.000000 0.000000 1.000000
0.989322 0.124169 0.076310 0.000000 -0.121390 0.991796 -0.040058 11.190800 -0.080658 0.030367 0.996279 0.000000 0.000000 0.000000 0.000000 1.000000
0.982012 0.171529 0.078931 0.000000 -0.168555 0.984756 -0.042963 11.190800 -0.085097 0.028886 0.995954 0.000000 0.000000 0.000000 0.000000 1.000000
0.974955 0.208421 0.077615 -0.000000 -0.205378 0.977629 -0.045406 11.190800 -0.085342 0.028329 0.995949 0.000000 0.000000 0.000000 0.000000 1.000000
0.971923 0.224119 0.071663 0.000000 -0.221090 0.974080 -0.047814 11.190800 -0.080522 0.030628 0.996282 -0.000000 0.000000 0.000000 0.000000 1.000000
0.974235 0.217041 0.061310 0.000000 -0.214356 0.975600 -0.047499 11.190800 -0.070124 0.033133 0.996988 0.000000 0.000000 0.000000 0.000000 1.000000
0.979836 0.194083 0.047476 0.000000 -0.192017 0.980368 -0.044821 11.190800 -0.055243 0.034801 0.997866 0.000000 0.000000 0.000000 0.000000 1.000000
0.986190 0.162605 0.031443 0.000000 -0.161171 0.985957 -0.043742 11.190800 -0.038114 0.038070 0.998548 0.000000 0.000000 0.000000 0.000000 1.000000
0.992167 0.124124 0.014041 -0.000000 -0.123356 0.991277 -0.046405 11.190800 -0.019678 0.044310 0.998824 0.000000 0.000000 0.000000 0.000000 1.000000
0.996621 0.082072 -0.003286 -0.000000 -0.082131 0.995194 -0.053327 11.190800 -0.001107 0.053416 0.998572 0.000000 0.000000 0.000000 0.000000 1.000000
0.998819 0.045323 -0.017486 0.000000 -0.046380 0.996760 -0.065717 11.190800 0.014451 0.066451 0.997685 0.000000 0.000000 0.000000 0.000000 1.000000
0.999591 0.009271 -0.027038 0.000000 -0.011425 0.996678 -0.080641 11.190800 0.026201 0.080917 0.996376 0.000000 0.000000 0.000000 0.000000 1.000000</float_array>
        <technique_common>
          <accessor source="#mixamorig_Spine1-Matrix-animation-output-transform-array" count="72" stride="16">
            <param type="float4x4"/>
          </accessor>
        </technique_common>
      </source>
      <source id="mixamorig_Spine1-Interpolations">
        <Name_array id="mixamorig_Spine1-Interpolations-array" count="72">
